K: [1, 5, 10, 25, 50, 100]
Neighbor_diff_k: [0.86972242648337061, 0.87467865864075478, 0.86867615574972057, 0.87035657792140664, 0.8643909388754214, 0.86578550441649527]
