Sparsity: 0.09631883593767875
Embedded_Dimension: [1, 5, 10, 25, 50, 100]
Factor_with_y: [0.89177347575353427, 0.87814587064679606, 0.87308784881562773, 0.87436298297175785, 0.87453438762392344, 0.87452469262101618]
Factor_with_no_y: [0.8835926885646721, 0.87593952265604835, 0.87447825891477526, 0.87439551676484051, 0.87451830910382566, 0.87449718448869673]
