1080 users
26 items
3216 training pairs
31 testing pairs
Iteration number:  [5, 10, 15, 25, 50, 100]
user_based_Bias_Training:  [0.72406649592713501, 0.6865360392971519, 0.65607470177987426, 0.61000188477056505, 0.54312272731970912, 0.48840414506625213]
user_based_Bias_Testing:  [0.58684480994881316, 0.60495581569617318, 0.62329243109544741, 0.65655643843899725, 0.70423150380308308, 0.7258440454811429]
item_based_Bias_Training:  [0.87672238275278203, 0.88499780686752172, 0.89401931976689131, 0.9153810957995242, 0.97015472639427192, 1.0510254066465257]
item_based_Bias_Testing:  [0.63457448573855746, 0.62866974791966357, 0.62862451320058377, 0.63601321001996702, 0.65308174746216952, 0.65978044880633602]
user_based_Neighbor_Training_y:  [0.66260405742187922, 0.58207251435640006, 0.51939825821482899, 0.42707113006304276, 0.29012280885213942, 0.15905689491620792]
user_based_Neighbor_Testing_y:  [0.59442418199946345, 0.6218044188438373, 0.64587120584985547, 0.68199733122029071, 0.72735805213491289, 0.77048390699188496]
item_based_Neighbor_Training_y:  [0.89086398822659707, 0.91335952785777297, 0.93554416731924184, 0.97594297480334224, 1.0604199531231278, 1.2022566501152154]
item_based_Neighbor_Testing_y:  [0.62803230155398637, 0.61933896027645541, 0.62096209845715766, 0.6359441665110781, 0.68700256530196691, 0.75372403594148185]
user_based_Neighbor_Training_no_y:  [0.69879915553915917, 0.641810673684024, 0.59548455647903753, 0.52422184153767359, 0.41272033047543621, 0.29790643605048367]
user_based_Neighbor_Testing_no_y:  [0.58931257822205441, 0.60979187042491179, 0.62997740021927295, 0.66638633414143356, 0.72511978179342718, 0.77887301603627412]
item_based_Neighbor_Training_no_y:  [0.88317393636793895, 0.89933767984731416, 0.91424520194551406, 0.94214222928669578, 1.0085364830859882, 1.1471195621244081]
item_based_Neighbor_Testing_no_y:  [0.63620263345445038, 0.63703050360125135, 0.64157890521691052, 0.65339394348476798, 0.67652842399940782, 0.68526567510243419]
user_based_Factor_Training_c:  [0.72283524779579389, 0.68418677146730211, 0.65200946962820772, 0.59919173705370155, 0.48857250989784939, 0.11676366656963567]
user_based_Factor_Testing_c:  [0.58207369784997143, 0.60728710513978046, 0.62379915422570498, 0.65484975333902573, 0.6954836677145777, 0.99537154477981615]
user_based_Factor_Training_no_c:  [0.72246994868444647, 0.68333276121188113, 0.65169406867200474, 0.59915238895295675, 0.48922671308630006, 0.11140720946303852]
user_based_Factor_Testing_no_c:  [0.5870826141386758, 0.60784892856604245, 0.62423494177440053, 0.66181969861037737, 0.70605443572853022, 0.81745517079898544]
user_based_Integrated_Training:  [0.66116247594935296, 0.57917855855596534, 0.51473755524018505, 0.42009154284992473, 0.27257615799448609, 0.081804221369333227]
user_based_Integrated_Testing:  [0.59383826166764753, 0.62167932374313317, 0.64259715119277827, 0.68568211601086282, 0.71792286502001446, 0.77562758177478108]
item_based_Integrated_Training:  [0.89118073698946132, 0.91907024157604689, 0.94260752870275277, 0.99100137992100068, 1.0872323403030895, 1.344425339010664]
item_based_Integrated_Testing:  [0.62220693966890084, 0.60552281831444177, 0.63452754319943505, 0.64135634727002711, 0.6931455286933742, 0.70529617996513272]