Sparsity: 0.09631883593767875
Iteration number:  [5, 10, 15, 25, 50, 100]
user_based_Bias_Training:  [0.67516407428668801, 0.63303900320800666, 0.61415387874552319, 0.59677770232301763, 0.58383716176486666, 0.5790786898045065]
user_based_Bias_Testing:  [0.90252341558002069, 0.87804352888419201, 0.87449905606789191, 0.87936163192542693, 0.89193660140760656, 0.89807255115300644]
item_based_Bias_Training:  [0.89696713052987997, 0.94996767661856285, 0.98180439653286655, 1.0166446879858511, 1.0525688854413382, 1.0736861811086409]
item_based_Bias_Testing:  [1.0680455119489363, 1.1118809401722807, 1.1425775907848141, 1.1792277228450794, 1.2143858491193549, 1.2275327749776497]
user_based_Neighbor_Training_y:  [0.61905903556625419, 0.54557012612666966, 0.49930834272793712, 0.43284006720826046, 0.32047765499276376, 0.18954044690078603]
user_based_Neighbor_Testing_y:  [0.89155133903802553, 0.86848193585590938, 0.8643909388754214, 0.86452308214170925, 0.86353846395035161, 0.86016006496024955]
item_based_Neighbor_Training_y:  [0.91672609059072663, 0.97423681159462128, 1.0088802695958143, 1.0545335006015264, 1.1317750625010432, 1.2443070683364927]
item_based_Neighbor_Testing_y:  [1.0767759730058062, 1.1193581094005591, 1.145623147946911, 1.1766407293610797, 1.2155009192444863, 1.2616011751051177]
user_based_Neighbor_Training_no_y:  [0.65271622215043046, 0.59536266378964053, 0.56195947725533524, 0.51739782179018889, 0.44540000709519106, 0.35095645129961012]
user_based_Neighbor_Testing_no_y:  [0.90099938533908175, 0.87593745004632717, 0.87080879062314009, 0.87230463042325168, 0.879699540241628, 0.88662072217269539]
item_based_Neighbor_Training_no_y:  [0.9013814517250397, 0.95664780578261976, 0.99059133603635885, 1.0302214153487386, 1.0822634858494371, 1.1466690122701881]
item_based_Neighbor_Testing_no_y:  [1.0639815374415653, 1.1033756790203366, 1.1301865653368885, 1.1612118774805893, 1.1917632776600093, 1.2149639967027657]
user_based_Factor_Training_c:  [0.67200920840497214, 0.63027196814160713, 0.61124967179599099, 0.59235880140342445, 0.56554834100917017, 0.37610607675304858]
user_based_Factor_Testing_c:  [0.90647392345648958, 0.87860970659724458, 0.87538288964632904, 0.87871370981797203, 0.88814789789925264, 0.91439048378141463]
user_based_Factor_Training_no_c:  [0.67282836550731939, 0.63056086388417776, 0.61108137463186007, 0.59194690988937726, 0.56490707848999666, 0.38032136777230485]
user_based_Factor_Testing_no_c:  [0.90173184234791948, 0.87767627875669552, 0.87445678431240015, 0.8790071074845115, 0.89273694359540434, 0.89143607988068874]
user_based_Integrated_Training:  [0.61627274727278347, 0.54235431933133549, 0.49594567477639873, 0.42821490040172155, 0.31058038227338192, 0.15638576000142435]
user_based_Integrated_Testing:  [0.89622306324786227, 0.86878380117076481, 0.86240973069252025, 0.86290842278496283, 0.86281330057751959, 0.86084494420362268]
item_based_Integrated_Training:  [0.92293629531000643, 0.9813965985681542, 1.0161062325284196, 1.0624573633585463, 1.1404501320045306, 1.2698750613327832]
item_based_Integrated_Testing:  [1.0835754719632897, 1.1268232852119748, 1.1559782441508362, 1.1874729694912267, 1.224009676515013, 1.2763766490314814]