Sparsity: 0.09631883593767875
Iteration number:  [5, 10, 15, 25, 50, 100]
user_based_Bias_Training:  [0.67516407428668801, 0.63303900320800666, 0.61415387874552319, 0.59677770232301763, 0.58383716176486666, 0.5790786898045065]
user_based_Bias_Testing:  [0.90252341558002069, 0.87804352888419201, 0.87449905606789191, 0.87936163192542693, 0.89193660140760656, 0.89807255115300644]
item_based_Bias_Training:  [0.67516407428668801, 0.63303900320800666, 0.61415387874552319, 0.59677770232301763, 0.58383716176486666, 0.5790786898045065]
item_based_Bias_Testing:  [0.90252341558002092, 0.87804352888419213, 0.87449905606789202, 0.87936163192542693, 0.89193660140760656, 0.89807255115300655]
user_based_Neighbor_Training_y:  [0.61905903556625419, 0.54557012612666966, 0.49930834272793712, 0.43284006720826046, 0.32047765499276376, 0.18954044690078603]
user_based_Neighbor_Testing_y:  [0.89155133903802553, 0.86848193585590938, 0.8643909388754214, 0.86452308214170925, 0.86353846395035161, 0.86016006496024955]
item_based_Neighbor_Training_y:  [0.61671682646492909, 0.54264588432722738, 0.49368678676682221, 0.42299931714492567, 0.30976652370342572, 0.18935723120180517]
item_based_Neighbor_Testing_y:  [0.88898997580458483, 0.86644474806094118, 0.86145236197630615, 0.86273687779224051, 0.87755289675173476, 0.91507680584571116]
user_based_Neighbor_Training_no_y:  [0.65271622215043046, 0.59536266378964053, 0.56195947725533524, 0.51739782179018889, 0.44540000709519106, 0.35095645129961012]
user_based_Neighbor_Testing_no_y:  [0.90099938533908175, 0.87593745004632717, 0.87080879062314009, 0.87230463042325168, 0.879699540241628, 0.88662072217269539]
item_based_Neighbor_Training_no_y:  [0.6482876205481366, 0.58969489434523348, 0.55569487749623736, 0.5101335278529594, 0.436447540721287, 0.34442392144926948]
item_based_Neighbor_Testing_no_y:  [0.8995246114825115, 0.87417377605148416, 0.86898098970557891, 0.87150349822511675, 0.88692605551460346, 0.91683713458849836]
user_based_Factor_Training_c:  [0.67200920840497214, 0.63027196814160713, 0.61124967179599099, 0.59235880140342445, 0.56554834100917017, 0.37610607675304858]
user_based_Factor_Testing_c:  [0.90647392345648958, 0.87860970659724458, 0.87538288964632904, 0.87871370981797203, 0.88814789789925264, 0.91439048378141463]
user_based_Factor_Training_no_c:  [0.67282836550731939, 0.63056086388417776, 0.61108137463186007, 0.59194690988937726, 0.56490707848999666, 0.38032136777230485]
user_based_Factor_Testing_no_c:  [0.90173184234791948, 0.87767627875669552, 0.87445678431240015, 0.8790071074845115, 0.89273694359540434, 0.89143607988068874]
user_based_Integrated_Training:  [0.61627274727278347, 0.54235431933133549, 0.49594567477639873, 0.42821490040172155, 0.31058038227338192, 0.15638576000142435]
user_based_Integrated_Testing:  [0.89622306324786227, 0.86878380117076481, 0.86240973069252025, 0.86290842278496283, 0.86281330057751959, 0.86084494420362268]
item_based_Integrated_Training:  [0.61095689582144297, 0.53586907960083341, 0.48660648180192884, 0.41589870499708009, 0.29870102707714702, 0.1605592045344553]
item_based_Integrated_Testing:  [0.88786945079371216, 0.86539074777218683, 0.86007513993733853, 0.86343303729773668, 0.88204946021611574, 0.90868968832172514]