Sparsity: 0.09631883593767875
Iteration number:  [5, 10, 15, 25, 50, 100]
user_based_Bias_Training:  [0.67516407428668801, 0.63303900320800666, 0.61415387874552319, 0.59677770232301763, 0.58383716176486666, 0.5790786898045065]
user_based_Bias_Testing:  [0.90252341558002069, 0.87804352888419201, 0.87449905606789191, 0.87936163192542693, 0.89193660140760656, 0.89807255115300644]
item_based_Bias_Training:  [0.89696713052987997, 0.94996767661856285, 0.98180439653286655, 1.0166446879858511, 1.0525688854413382, 1.0736861811086409]
item_based_Bias_Testing:  [1.0680455119489363, 1.1118809401722807, 1.1425775907848141, 1.1792277228450794, 1.2143858491193549, 1.2275327749776497]
user_based_Neighbor_Training_y:  [0.61843312911626014, 0.54264415254701837, 0.49417750088845069, 0.42390869560500222, 0.30479479056652248, 0.16776627209868816]
user_based_Neighbor_Testing_y:  [0.89228608969168777, 0.86928905669794609, 0.86578550441649527, 0.86766916918794323, 0.8703647616501724, 0.8692765667665191]
item_based_Neighbor_Training_y:  [0.91525339097271508, 0.97301882612596935, 1.0079178549090844, 1.0537167285660056, 1.1317770055268941, 1.2495147130100548]
item_based_Neighbor_Testing_y:  [1.0758832560433309, 1.1186587127881689, 1.1452798215351416, 1.1764700061237932, 1.2136459967410564, 1.2526417543399548]
user_based_Neighbor_Training_no_y:  [0.65204373027289686, 0.59394339761162551, 0.55982412874776533, 0.51374943589657474, 0.43745964936955345, 0.33397922074815789]
user_based_Neighbor_Testing_no_y:  [0.90084395598104638, 0.87577055784564384, 0.87083277588541186, 0.87292157681576399, 0.88153267801632507, 0.88817189345173031]
item_based_Neighbor_Training_no_y:  [0.90113690935792667, 0.95620096520686715, 0.98985784590665227, 1.0288606843469865, 1.0795184899138544, 1.1429405702952669]
item_based_Neighbor_Testing_no_y:  [1.0649198032611153, 1.1049073289432696, 1.1321341845720925, 1.1636378705581947, 1.1939540253665739, 1.2138312581815285]
user_based_Factor_Training_c:  [0.67476071736224152, 0.63270057518672651, 0.61380673558114052, 0.59627855485591952, 0.58190316021747279, 0.52895779223476735]
user_based_Factor_Testing_c:  [0.90280740405052118, 0.87807914893427319, 0.87452581477538138, 0.87931557978571828, 0.89178541061395455, 0.8931001558074706]
user_based_Factor_Training_no_c:  [0.67493762284911618, 0.63278319829181073, 0.61384201967228857, 0.596290032573914, 0.58179600663361519, 0.52828461671950289]
user_based_Factor_Testing_no_c:  [0.90248631419621794, 0.87801691758809541, 0.87451620532591523, 0.8794573605160515, 0.89181270540145041, 0.89688439369582396]
user_based_Integrated_Training:  [0.61803061510238511, 0.54232216530452027, 0.49385539255089006, 0.42348179245542272, 0.30389957937647499, 0.16388211004435882]
user_based_Integrated_Testing:  [0.89258836386153506, 0.86938995215607395, 0.86583816729618768, 0.86767194987325769, 0.87019113454496633, 0.86870508816013914]
item_based_Integrated_Training:  [0.91575175797368513, 0.97374934556952064, 1.008727943457062, 1.0545739139288808, 1.1326275180638918, 1.2528305422809518]
item_based_Integrated_Testing:  [1.0765162805437891, 1.119494984492776, 1.1462684335906821, 1.1774780412960815, 1.2145986750292199, 1.2537541366739231]