Sparsity: 0.08135754630237751
184 users
331 items
4540 training pairs
415 testing pairs
Iteration number:  [5, 10, 15, 25, 50, 100]
user_based_Bias_Training:  [0.68280661344004878, 0.6266806291131185, 0.60030848450867491, 0.57835761684690357, 0.56663955246575859, 0.56403860709867093]
user_based_Bias_Testing:  [0.75664960905732781, 0.73554708719419271, 0.7278546693893625, 0.72458927414244467, 0.7281528019747906, 0.73182032587910506]
item_based_Bias_Training:  [0.9262040964817525, 0.98881946457831393, 1.0337388199590203, 1.0910699619151996, 1.1492144139958516, 1.1719030085315065]
item_based_Bias_Testing:  [0.88200582080440226, 0.93045024701542989, 0.96743382586857507, 1.016831743949133, 1.0707135949703195, 1.0937957374794496]
user_based_Neighbor_Training_y:  [0.62362195487612238, 0.53864233194225009, 0.48631762731714651, 0.41647072969842142, 0.30880370568280624, 0.19137169098641188]
user_based_Neighbor_Testing_y:  [0.7460514145310041, 0.72618328128573095, 0.71928639580746045, 0.716676367848327, 0.72483150624561798, 0.75181474005766291]
item_based_Neighbor_Training_y:  [0.94578287506072001, 1.0236490443359478, 1.0776791002042543, 1.1448870003464444, 1.2267858463846093, 1.3274682201981833]
item_based_Neighbor_Testing_y:  [0.89008044615216253, 0.93985822037633004, 0.9747526344739299, 1.0161163602333041, 1.0528061095499819, 1.0719259201445521]
user_based_Neighbor_Training_no_y:  [0.65601254371651463, 0.58708098263979491, 0.54905901746001262, 0.50385531558173058, 0.43825965791228205, 0.35445708812049598]
user_based_Neighbor_Testing_no_y:  [0.75158134391501474, 0.7303256047517207, 0.72270725474938258, 0.71914481636318117, 0.72271816942147049, 0.73531353862207471]
item_based_Neighbor_Training_no_y:  [0.93093282377411835, 0.99635780345733982, 1.0430915368421161, 1.1037318136816328, 1.1739977104744326, 1.2315599385039802]
item_based_Neighbor_Testing_no_y:  [0.8826719362088562, 0.92932593578581313, 0.96402358725710302, 1.0094957852584734, 1.0590867659450733, 1.0857115290843349]
user_based_Factor_Training_c:  [0.67590374814286802, 0.61802407677837568, 0.59184587212681017, 0.57220297493243766, 0.54815269074548079, 0.36536424034826759]
user_based_Factor_Testing_c:  [0.75795952226307817, 0.73456963396360131, 0.72436501801099373, 0.72398705909903371, 0.72794075193330088, 0.76095848978035685]
user_based_Factor_Training_no_c:  [0.6801752535833665, 0.62429482777552592, 0.5972745961531204, 0.57365244345874866, 0.5469096822281927, 0.35454317962940035]
user_based_Factor_Testing_no_c:  [0.75652877115389416, 0.73495736547559576, 0.72744337784675062, 0.7241092337597056, 0.72553406802121134, 0.76654829107919176]
user_based_Integrated_Training:  [0.61725646059316341, 0.53136779051771021, 0.47959471697308281, 0.4101678956479432, 0.29846390180959753, 0.15858501423497895]
user_based_Integrated_Testing:  [0.74460274279392835, 0.72636920645000025, 0.71855240595565417, 0.71657615594565849, 0.72864280882519028, 0.74810324597548339]
item_based_Integrated_Training:  [0.9532902786647075, 1.0301050305339392, 1.0825682530836043, 1.1486395823470235, 1.2323325446472251, 1.3533546559794656]
item_based_Integrated_Testing:  [0.89167520171005199, 0.94269429092118917, 0.97776664599321916, 1.0184491469219352, 1.0528746194378489, 1.0683040630516203]